163 256
166 294
171 333
178 371
189 408
210 443
237 473
269 496
308 501
347 493
379 468
408 436
429 402
441 366
447 328
450 291
451 255
192 240
209 219
234 209
262 209
290 217
332 216
358 208
386 207
412 217
427 238
311 241
311 266
311 292
311 319
274 332
292 336
311 341
329 336
347 331
224 251
240 242
256 241
272 250
256 251
240 252
350 249
366 240
382 241
397 249
382 250
366 250
238 376
261 367
290 363
310 367
331 363
358 365
382 372
359 402
333 418
311 422
289 420
260 406
244 378
290 373
311 376
331 373
375 375
332 399
311 403
289 400
