162 329
168 363
175 395
183 426
197 456
217 481
242 503
265 523
293 526
322 518
353 497
385 474
411 445
428 412
431 375
432 339
432 299
174 309
182 292
201 284
222 282
243 287
289 283
311 273
334 271
358 274
377 285
268 314
269 337
270 360
271 384
251 397
263 401
275 404
289 398
302 392
202 322
213 314
228 313
243 320
229 324
214 326
308 315
320 305
335 303
350 310
337 315
322 316
238 433
251 425
265 422
279 425
294 420
313 420
333 425
316 446
298 456
282 459
266 458
252 450
245 433
265 428
280 429
295 426
327 426
296 443
280 446
265 444
