165 230
168 256
171 281
174 307
181 332
195 353
216 371
241 384
271 387
302 380
330 366
353 346
370 322
377 294
377 265
377 237
377 208
179 208
185 191
202 181
222 179
240 185
273 183
290 174
310 172
329 178
343 191
258 202
259 220
260 238
261 257
244 269
254 273
265 276
276 270
286 264
204 214
214 206
225 205
237 211
226 213
215 214
287 206
298 197
310 195
320 201
311 204
299 205
221 305
237 299
254 296
267 297
281 293
301 292
319 295
303 315
285 324
270 326
256 327
238 322
226 306
255 302
268 301
282 298
315 297
283 315
269 318
255 318
