196 292
201 326
206 360
213 393
228 423
250 448
277 469
307 487
340 491
375 485
403 463
427 438
446 409
454 375
455 340
454 306
453 272
217 266
227 245
248 234
273 232
298 237
340 236
363 224
388 221
411 229
424 248
320 258
321 281
321 304
322 327
297 341
311 346
327 350
342 344
355 337
248 271
259 262
274 260
288 268
274 271
260 273
352 263
364 252
379 251
393 259
381 262
366 263
277 387
297 380
316 376
332 378
346 374
367 375
390 377
370 396
351 403
335 405
319 404
300 399
285 387
317 383
332 383
347 381
382 379
349 391
333 393
318 392
