143 278
142 312
142 346
144 381
151 416
165 447
187 473
212 491
247 498
287 495
327 482
367 462
397 436
416 403
425 366
429 330
434 290
153 248
166 231
189 226
214 229
238 236
270 241
299 234
329 232
359 240
379 260
250 262
245 281
240 301
235 321
215 344
227 348
241 351
258 347
277 344
177 264
191 253
210 253
224 269
207 271
189 270
297 271
313 258
332 258
349 269
332 275
313 275
195 398
209 385
228 380
245 383
262 378
289 384
316 397
289 416
263 423
244 424
226 423
209 415
203 397
228 394
245 394
262 392
308 396
262 408
244 409
227 408
