185 261
185 294
188 327
190 361
197 394
211 425
230 452
255 472
288 481
325 477
360 459
392 435
415 408
428 376
433 343
438 311
441 277
200 246
212 229
233 225
255 229
277 236
314 239
338 229
362 227
387 232
402 250
293 256
291 278
289 299
287 322
264 334
275 338
288 343
301 340
315 336
224 261
235 255
249 255
261 264
248 266
235 265
332 266
345 259
360 259
372 268
359 270
345 269
236 377
254 372
272 371
286 374
301 372
321 375
347 382
322 400
301 405
285 406
269 403
252 393
243 378
272 377
286 380
301 379
340 382
301 394
286 395
271 391
