67 160
73 224
86 287
101 348
122 407
156 460
203 503
254 536
313 544
369 531
416 495
459 451
491 397
510 336
522 276
532 215
532 153
94 112
123 81
168 73
211 82
254 101
357 98
396 80
438 70
480 75
510 100
307 150
308 196
309 241
310 287
263 320
286 328
311 333
335 326
357 316
150 155
178 136
213 136
247 162
212 170
176 171
365 160
395 133
431 132
458 150
434 166
398 166
219 414
253 401
288 392
313 399
337 391
370 399
401 410
371 436
339 449
313 452
286 450
251 439
235 415
288 415
313 418
337 414
385 412
337 414
313 418
288 415
