97 156
99 215
107 272
119 329
139 382
168 430
206 472
249 504
302 514
356 504
399 472
436 432
465 385
485 335
495 279
502 221
503 163
117 103
139 72
178 61
217 68
255 86
336 86
374 69
416 64
456 76
480 109
295 133
295 169
295 206
296 244
255 279
275 285
297 290
320 284
341 278
159 144
181 129
210 129
239 149
210 155
180 156
355 150
384 131
413 131
436 148
414 158
384 156
212 368
241 347
275 335
299 341
322 334
355 344
384 363
357 393
325 408
300 411
273 410
241 397
227 367
275 364
299 365
323 362
371 363
323 369
300 371
275 370
