71 93
76 163
87 231
98 298
114 363
146 423
190 474
246 515
310 527
373 515
425 473
468 421
498 362
514 297
525 230
537 164
544 96
109 91
141 64
187 58
232 64
275 80
360 80
400 62
442 54
484 57
512 86
315 138
315 192
315 245
315 299
271 313
291 323
314 333
335 323
355 312
162 136
188 118
223 121
251 148
219 157
184 156
371 147
398 118
434 114
461 131
439 152
404 155
225 380
259 377
289 374
311 382
334 375
360 378
392 382
362 407
335 418
311 420
287 417
258 404
239 383
288 390
311 394
334 390
379 385
335 391
312 394
288 390
