74 123
83 183
97 240
111 298
132 352
162 400
203 439
252 469
301 481
351 473
402 446
448 410
481 362
502 306
516 248
528 190
535 128
102 96
134 70
178 68
219 80
259 99
341 104
381 85
424 75
470 80
502 107
301 141
301 184
301 226
300 269
260 292
280 298
301 303
322 298
342 291
157 138
182 124
212 125
237 149
210 155
179 154
365 154
390 131
422 129
447 145
424 160
392 159
224 356
257 352
283 347
301 353
320 348
347 352
380 355
348 381
320 392
301 394
282 391
255 380
236 359
283 360
301 364
320 360
368 357
320 364
301 367
283 363
