81 169
86 224
96 276
108 328
126 380
156 425
200 462
250 491
306 499
361 488
409 456
450 416
480 368
497 317
509 265
516 212
517 160
104 102
129 71
170 58
211 62
252 76
340 70
379 54
420 47
462 55
490 84
302 127
304 169
307 209
309 250
263 284
285 290
308 295
331 290
351 282
151 154
176 137
206 135
237 152
207 160
176 163
362 148
391 128
422 126
448 142
424 153
392 153
223 362
257 355
287 346
306 350
324 344
352 351
387 356
353 382
327 394
307 397
287 395
257 385
237 364
288 365
307 366
325 364
373 360
324 364
306 368
287 366
