96 116
100 175
109 232
120 288
137 345
164 398
204 446
254 482
312 492
369 480
415 442
451 395
476 343
492 287
504 232
513 176
516 120
127 83
155 57
196 52
235 60
272 77
362 76
396 59
432 51
469 56
493 81
318 123
318 164
319 205
319 246
279 270
298 278
318 284
338 278
356 270
172 128
197 111
231 113
259 136
229 146
195 146
369 137
395 113
428 112
452 128
431 146
399 147
233 349
265 334
297 324
317 330
338 325
367 336
396 351
368 378
340 390
317 392
294 389
263 376
248 350
296 349
317 351
338 349
381 353
338 354
317 356
296 353
