105 183
109 234
117 283
128 333
145 380
173 420
215 451
258 478
308 488
358 477
399 450
437 418
465 377
480 329
488 277
494 225
495 173
133 129
151 97
187 82
225 85
260 99
330 94
366 78
405 74
444 89
467 121
297 146
298 181
298 214
299 249
264 286
283 291
303 293
322 290
341 286
174 158
196 143
222 142
250 162
223 167
195 168
350 161
375 140
402 139
424 153
404 165
376 165
237 368
262 357
286 348
304 354
320 347
345 355
376 365
348 383
325 390
307 393
288 391
264 384
248 367
287 365
304 367
321 364
364 365
322 364
306 367
288 365
