72 153
76 213
88 272
100 330
118 387
149 438
189 481
234 514
286 526
340 516
391 487
438 450
473 402
493 345
506 285
517 221
525 160
86 104
113 73
157 68
197 82
236 101
333 98
374 79
418 68
462 76
492 105
283 145
282 184
281 223
280 263
242 302
262 307
283 310
305 306
327 303
134 151
159 136
190 140
218 160
188 164
156 164
355 161
384 140
415 140
440 154
418 167
386 167
201 391
233 375
263 362
283 368
306 362
340 376
374 388
341 413
308 426
283 429
261 427
231 416
213 392
262 389
283 391
307 388
360 389
307 390
283 393
262 390
