71 143
81 205
96 262
108 320
124 376
155 423
201 462
255 490
312 500
368 488
415 455
453 413
480 362
494 305
504 247
516 187
523 123
100 115
134 85
181 73
227 81
270 98
344 96
382 74
425 62
470 69
503 99
309 146
313 190
317 233
321 277
279 301
298 309
319 315
338 308
354 299
158 158
184 139
218 139
246 163
215 172
182 173
364 159
391 132
425 128
452 146
430 164
395 166
230 380
262 363
293 352
316 358
337 352
364 362
391 378
365 407
339 418
316 420
291 418
261 408
246 382
292 378
316 380
337 378
377 380
337 382
316 384
292 382
