57 96
64 165
74 235
87 302
110 365
147 420
195 462
249 496
309 506
368 494
419 458
463 413
496 359
516 299
529 236
540 174
546 110
106 69
139 40
184 32
228 40
270 63
359 70
401 51
443 42
486 50
514 81
313 113
311 158
310 203
309 249
258 279
282 289
308 297
334 289
358 279
158 111
184 91
217 92
245 120
214 126
181 125
374 125
402 98
435 98
460 119
436 133
403 131
224 360
258 347
289 339
311 347
331 338
361 346
392 359
362 386
333 399
311 401
289 399
258 387
239 362
288 361
310 363
331 361
379 361
332 364
311 367
289 364
