118 182
121 234
128 284
137 332
153 381
176 424
210 461
249 489
300 499
353 489
397 461
435 423
460 378
475 328
481 275
486 222
485 167
131 129
150 98
187 86
226 89
261 102
315 100
353 84
394 80
435 93
459 126
289 142
289 177
288 212
288 249
250 279
269 288
291 294
313 288
333 280
167 152
189 134
219 133
247 156
219 163
188 165
339 155
368 131
399 130
422 149
401 163
368 162
220 364
245 354
271 348
291 354
312 348
341 354
371 366
342 385
314 391
292 393
270 390
245 384
231 365
270 366
292 370
313 367
359 366
313 366
292 368
271 365
