80 117
86 182
100 242
112 303
128 362
160 414
203 457
254 489
309 499
360 487
408 455
451 416
482 367
500 310
513 250
525 187
532 124
114 90
146 63
189 56
230 66
269 85
356 81
394 60
435 51
474 57
502 85
312 126
311 165
311 204
311 244
272 273
292 282
314 290
335 284
356 276
161 132
188 115
221 116
251 141
219 147
185 147
372 139
399 114
431 113
457 130
434 144
402 145
233 351
265 338
293 328
314 336
334 331
361 342
392 355
361 377
333 388
311 391
288 387
262 375
246 353
292 352
313 356
334 355
378 357
333 356
312 358
290 354
