62 109
67 176
80 241
92 305
111 368
142 426
187 474
239 515
299 527
358 513
412 472
458 421
493 362
512 298
524 232
534 166
534 100
91 77
124 53
170 51
211 63
252 82
343 81
383 59
425 44
469 44
504 69
298 129
299 175
300 221
301 269
257 293
277 302
301 309
323 303
344 293
145 124
173 106
209 108
236 139
204 147
168 145
361 138
386 107
423 101
450 120
429 142
393 145
211 374
245 369
278 362
301 369
322 362
353 368
391 372
355 409
323 424
300 428
276 425
243 411
227 380
277 385
300 388
322 385
374 378
322 387
300 390
277 387
