75 157
81 217
92 275
103 333
115 392
142 445
184 491
237 525
301 535
364 526
417 494
459 449
488 395
502 335
513 276
526 217
534 157
115 108
147 84
188 76
228 81
269 97
344 97
385 80
427 74
469 83
497 111
307 156
307 196
308 235
309 276
267 310
287 316
308 321
329 317
348 310
163 169
189 151
222 152
250 175
219 185
186 185
363 174
390 151
423 149
449 167
426 183
393 184
207 380
245 367
279 360
305 368
329 361
360 370
398 383
360 408
329 420
303 422
275 419
243 407
223 383
278 386
305 389
329 386
381 386
328 385
303 388
277 384
