63 151
67 214
79 276
94 339
114 401
147 457
190 509
242 550
301 562
361 551
412 511
454 459
487 401
505 339
517 274
527 209
530 144
93 111
121 86
159 76
197 84
232 103
340 103
377 82
419 76
460 88
491 116
287 152
288 204
290 256
292 308
246 329
268 340
293 350
317 340
338 329
137 152
163 133
199 135
229 163
196 170
160 169
349 162
380 135
416 132
443 152
419 168
383 169
203 408
240 402
271 395
294 402
317 393
349 400
383 405
351 433
321 449
295 452
271 450
240 436
218 413
271 418
294 421
318 417
368 410
318 414
295 419
271 416
