68 113
75 177
89 240
103 302
125 361
158 414
203 457
252 491
304 503
356 493
407 458
452 413
485 359
506 300
521 238
536 174
542 107
100 70
133 44
176 41
218 54
260 73
349 71
390 52
431 39
475 43
507 70
308 122
310 167
311 212
311 257
266 283
288 291
309 298
331 292
352 284
154 125
180 109
212 110
241 135
210 141
178 140
368 136
395 112
428 111
455 127
430 143
397 143
225 353
256 338
286 328
306 335
326 329
355 340
386 355
355 378
328 391
306 393
284 389
255 376
241 354
285 354
306 356
326 355
371 356
327 355
306 357
285 354
