57 118
62 183
73 248
82 311
100 373
131 431
176 482
229 524
291 538
353 525
406 486
452 438
488 383
511 319
524 253
537 187
544 122
92 87
124 59
169 48
214 54
256 71
337 66
383 50
428 45
474 56
506 84
297 129
297 178
296 227
295 276
253 301
274 310
296 319
318 311
338 302
153 129
180 109
214 112
239 142
210 148
176 146
361 138
387 107
422 105
448 125
426 141
392 144
201 376
236 366
270 361
294 369
319 360
352 366
386 375
353 405
321 420
294 424
268 422
234 409
216 379
270 385
294 387
320 384
370 379
319 387
294 391
269 388
