74 170
81 232
92 294
101 356
121 415
156 466
200 511
252 548
308 557
360 546
405 506
443 459
470 407
487 350
499 291
511 231
520 169
104 120
132 88
177 78
223 85
268 102
337 99
381 85
424 81
467 92
491 126
301 157
301 201
301 244
302 288
263 314
282 321
302 328
321 321
340 313
152 161
176 144
208 145
236 167
207 175
174 175
362 167
389 145
421 145
444 162
422 175
391 174
226 401
257 385
285 373
305 379
324 372
350 383
380 399
352 415
327 422
306 425
284 423
257 417
242 401
284 397
305 398
325 396
366 398
326 394
306 397
285 395
