71 162
77 225
89 285
102 343
125 401
160 449
207 488
259 518
313 529
367 517
418 482
463 441
495 392
514 333
523 274
530 215
533 155
118 134
148 112
188 107
229 112
268 130
358 132
392 109
431 103
470 107
499 128
312 171
312 214
313 258
313 300
271 323
291 332
313 338
335 330
355 320
169 169
194 155
226 155
253 176
224 182
193 182
371 176
396 155
426 153
452 164
430 180
399 181
229 397
263 383
292 373
315 378
339 371
365 378
396 388
368 410
342 420
317 424
293 423
263 416
244 397
292 392
316 393
339 390
382 390
340 391
317 395
293 393
