81 132
87 195
98 254
110 310
127 365
155 416
194 462
241 501
297 515
352 504
399 467
437 423
467 373
484 319
500 261
515 202
522 138
105 93
132 60
176 48
220 55
261 74
352 69
391 50
435 47
475 62
501 97
302 134
301 177
300 219
299 263
259 292
277 301
298 307
319 301
337 292
155 138
180 119
214 120
243 146
212 153
178 153
362 146
391 122
424 121
449 141
425 155
391 153
219 384
248 364
276 353
298 361
320 353
348 364
376 383
350 411
323 424
299 427
275 424
248 412
234 384
275 383
298 385
320 382
361 383
321 383
299 386
276 383
