70 116
75 177
86 235
98 293
117 345
152 390
198 426
248 457
304 466
358 453
407 420
453 383
486 337
504 283
513 225
522 168
526 108
93 92
124 65
167 62
210 69
252 86
334 86
377 66
420 57
464 60
496 87
295 127
295 170
296 212
296 256
253 276
274 285
297 292
321 283
342 273
144 129
171 112
204 114
231 138
202 144
168 144
359 136
388 110
419 109
445 126
423 140
390 141
218 339
249 328
276 323
300 330
324 321
353 326
385 333
356 357
327 369
302 373
277 371
249 360
233 339
276 342
300 344
325 339
372 335
326 339
301 344
277 340
