63 135
72 199
86 261
99 320
118 377
149 428
194 471
248 507
305 519
361 508
412 472
455 428
483 376
499 319
510 261
523 201
531 139
90 88
119 54
164 40
211 46
253 67
349 68
392 50
437 47
480 62
507 97
302 122
302 163
301 205
300 248
263 278
281 286
301 292
321 286
341 279
147 129
173 111
207 113
238 139
205 146
170 145
365 142
393 119
427 118
455 137
430 151
396 150
222 370
253 351
282 342
305 350
327 343
357 353
387 372
359 400
330 413
305 416
280 412
250 398
239 370
281 368
305 372
328 369
370 371
328 372
305 376
282 371
