82 151
92 210
108 266
123 320
143 371
172 413
213 447
260 472
312 478
360 466
408 437
450 402
479 356
497 302
505 246
513 189
517 131
104 113
126 69
169 48
216 48
260 68
335 63
376 43
421 40
462 56
487 92
296 112
295 149
294 185
294 222
255 259
275 266
298 271
321 263
344 256
153 128
178 106
210 106
240 132
210 139
177 140
359 125
386 98
417 96
442 117
419 130
387 130
224 344
252 327
281 318
303 324
323 317
355 324
389 337
357 357
327 367
305 370
282 368
254 360
236 342
281 338
303 340
325 337
377 336
325 339
304 341
282 339
