84 118
88 179
102 239
112 299
127 358
152 410
191 454
241 488
298 501
356 492
406 461
447 419
476 369
492 311
503 251
515 189
518 127
108 74
134 46
175 41
214 48
252 67
352 70
388 49
428 42
469 49
492 80
301 116
301 157
301 198
301 240
256 271
276 282
299 288
321 282
341 273
154 119
179 99
212 102
240 128
209 135
175 134
359 131
387 105
420 103
446 122
423 137
389 137
217 360
251 348
279 339
301 346
321 339
348 347
381 358
349 379
322 387
300 389
278 388
250 381
231 362
278 359
301 360
321 358
367 360
320 358
300 361
279 359
