100 102
103 160
112 216
122 274
137 330
165 386
201 436
249 473
306 484
360 471
404 431
438 381
464 326
476 269
485 212
495 157
500 102
129 76
157 49
196 41
234 49
274 67
343 66
379 50
417 44
454 53
480 82
309 110
310 155
312 199
313 244
272 265
291 274
312 281
332 273
350 266
174 112
197 95
228 97
253 120
225 129
194 129
360 120
383 97
413 96
436 115
416 131
386 130
225 336
258 322
291 313
314 320
336 313
365 321
395 333
366 363
337 378
312 381
287 379
256 365
237 338
289 341
314 344
336 341
383 336
336 341
313 346
289 342
