77 157
84 217
97 274
111 330
130 384
158 433
197 473
245 504
302 511
358 501
405 472
446 432
475 382
490 326
500 270
512 214
517 156
106 118
133 84
175 72
219 77
261 89
322 90
366 76
411 74
454 90
484 120
292 135
292 174
293 213
294 252
255 282
274 291
295 297
317 290
337 284
152 150
177 131
211 132
238 154
209 164
176 165
351 154
380 132
412 133
437 152
414 166
382 165
221 374
251 353
278 342
299 350
322 343
352 356
383 373
354 389
323 398
299 399
276 397
250 389
235 374
277 365
299 368
323 366
369 373
322 368
298 370
276 367
