97 147
99 203
107 259
120 314
139 366
169 413
208 451
255 479
305 487
355 476
400 447
439 408
469 362
486 310
497 256
505 203
508 151
121 95
149 71
188 68
226 77
264 91
351 90
387 77
424 67
460 71
485 94
303 131
302 166
300 199
299 236
265 272
282 278
300 283
319 279
338 274
165 135
188 117
219 119
244 144
216 150
184 149
364 144
389 119
420 118
442 135
423 150
392 150
236 358
262 342
288 331
303 336
319 330
344 341
373 354
346 372
321 382
304 385
286 383
262 375
249 358
287 354
303 356
319 353
361 354
319 354
303 357
287 356
