83 153
89 212
99 269
112 325
130 378
159 424
201 462
249 491
302 498
355 492
406 466
450 430
482 383
502 329
513 273
522 217
528 160
126 111
156 83
198 73
239 79
277 98
341 105
379 89
420 84
461 93
491 119
306 147
305 184
304 221
304 259
265 285
282 294
302 300
324 294
343 286
168 147
193 131
225 133
253 154
223 161
191 161
364 155
391 135
423 133
448 149
425 163
392 163
220 363
252 348
280 340
304 346
327 339
354 347
383 361
353 372
326 379
302 382
278 380
251 376
234 362
280 356
303 359
327 356
370 360
326 356
303 360
280 357
