63 127
69 189
81 247
96 305
117 361
150 411
196 453
244 487
298 497
350 486
399 454
445 414
478 364
499 309
512 250
522 190
525 131
93 97
122 65
168 50
215 57
259 74
332 75
377 58
425 49
472 60
500 96
296 130
296 174
296 218
296 263
251 288
273 296
298 302
322 295
346 287
145 133
173 115
207 116
240 143
206 150
170 149
354 143
385 116
420 114
447 133
422 149
386 149
214 365
248 355
280 346
303 353
325 346
353 354
386 362
354 386
324 399
302 402
278 400
246 389
229 367
280 366
303 369
325 365
371 364
324 367
302 371
280 368
