65 103
71 169
83 231
95 294
110 354
143 411
187 458
238 496
299 507
359 498
412 462
458 416
492 362
509 300
522 236
535 171
541 105
99 97
133 73
178 69
222 77
264 96
340 94
382 78
425 68
469 70
503 95
304 146
305 196
306 246
306 295
261 312
282 321
306 329
328 321
350 313
152 146
179 128
216 129
245 154
212 163
176 162
363 155
390 131
426 130
454 147
429 164
394 165
215 376
249 373
280 369
305 380
328 373
358 378
392 381
358 405
327 417
302 419
276 415
246 401
228 381
279 385
305 391
328 388
378 384
326 387
303 391
277 384
