86 114
89 175
95 236
104 296
121 354
154 402
199 443
249 475
301 484
353 474
400 440
441 400
472 354
490 301
500 242
511 184
517 123
110 87
137 58
178 52
220 60
263 76
339 75
384 60
426 54
469 62
496 93
301 118
300 156
299 195
298 235
259 266
278 273
297 280
318 274
336 266
156 121
182 103
215 103
245 127
213 135
180 136
359 127
390 104
423 103
449 121
424 137
390 136
215 337
247 329
277 321
298 327
316 320
347 327
381 335
348 358
319 368
298 371
275 369
246 359
230 339
277 341
299 343
317 340
365 338
317 339
298 342
277 340
