82 145
86 204
94 259
102 315
120 369
151 415
194 453
244 485
299 497
355 488
404 458
448 421
477 372
495 319
506 263
519 207
526 149
108 96
135 65
177 54
220 62
260 80
348 78
390 60
435 54
479 68
502 103
308 128
308 168
309 207
309 247
261 273
282 280
305 287
327 282
347 276
150 135
177 118
210 119
239 143
208 149
175 150
367 142
397 120
429 119
454 138
430 151
397 149
215 354
247 339
278 332
301 339
324 334
354 343
392 356
356 378
326 384
302 385
277 383
247 373
230 355
277 352
301 355
324 354
377 357
325 356
302 357
278 354
