50 126
52 190
59 255
71 318
93 376
129 427
177 471
230 507
290 518
348 510
397 476
441 432
474 381
493 322
504 258
512 195
517 130
100 70
131 42
175 35
217 46
256 69
330 70
371 49
413 42
454 53
480 84
296 117
296 156
297 195
299 235
253 271
274 278
295 283
314 278
332 272
147 125
173 106
207 106
236 131
205 140
171 141
344 132
374 107
408 108
433 128
409 142
376 141
205 365
240 340
273 326
296 332
320 325
352 339
382 363
353 390
322 399
296 402
271 400
240 390
223 365
273 357
296 358
321 356
365 363
321 360
296 363
273 362
