66 122
68 186
75 248
86 308
107 367
139 419
182 462
232 498
287 511
343 499
396 466
443 427
476 379
497 322
510 262
522 199
528 135
102 86
128 51
171 36
216 41
258 56
338 60
381 44
427 42
470 58
494 95
299 113
298 154
299 194
298 236
255 272
275 279
296 284
317 279
336 272
147 112
174 96
207 98
234 124
203 130
170 128
363 128
391 105
424 103
449 122
425 136
392 136
214 371
247 356
275 345
298 352
319 345
344 355
372 372
344 387
319 394
296 397
272 395
245 388
228 371
274 365
297 367
318 364
360 371
318 368
297 370
274 368
