73 175
79 234
89 291
102 347
122 402
153 447
198 484
249 506
304 512
359 502
410 476
452 438
480 392
496 337
505 282
514 227
519 171
106 135
134 103
177 90
220 99
262 117
326 114
368 94
411 85
454 98
483 130
295 156
297 188
297 219
299 251
258 290
277 296
298 300
318 296
335 289
155 167
180 146
214 148
241 173
212 182
178 183
348 172
375 146
408 145
433 165
412 181
379 182
210 373
248 355
279 344
297 349
318 343
349 354
382 370
350 389
322 396
298 398
278 397
247 391
226 375
279 368
298 368
320 367
367 372
320 370
298 371
279 371
