52 126
60 193
74 256
89 319
113 376
148 425
194 466
247 498
306 509
363 499
416 467
461 425
493 374
513 317
527 256
540 194
548 129
96 79
132 57
176 47
221 50
263 67
358 67
398 48
443 43
488 53
521 82
308 122
309 172
310 222
311 272
266 293
287 303
311 311
333 303
353 293
143 129
172 111
207 111
237 138
204 144
168 144
375 138
407 112
443 111
470 129
445 146
409 146
217 378
254 365
287 357
312 365
335 357
364 365
394 377
365 406
337 420
311 423
285 419
252 405
234 380
286 379
311 383
335 380
379 379
336 387
312 389
286 385
