91 185
98 240
112 292
126 341
144 390
169 432
207 468
252 493
301 498
349 491
395 467
434 432
459 387
476 337
489 288
503 234
511 179
121 135
145 105
183 88
225 90
263 106
329 106
366 89
408 83
448 98
474 128
298 155
298 191
297 226
296 263
267 292
282 298
298 302
315 297
331 292
168 168
191 150
220 150
248 170
220 178
189 179
351 169
378 147
408 146
431 164
409 176
379 175
230 369
257 352
282 342
299 348
316 343
342 352
373 369
343 386
317 393
298 395
280 392
256 384
244 368
281 362
299 364
317 363
358 369
317 362
299 364
281 362
