94 163
98 215
107 268
116 320
129 372
155 422
194 466
243 498
302 505
357 496
403 463
440 420
467 371
480 318
490 264
500 211
504 156
132 126
159 106
194 98
229 104
265 118
354 114
386 99
420 92
454 98
478 120
308 161
309 207
311 252
313 297
273 312
290 321
311 330
330 320
347 309
174 168
196 153
226 154
251 173
223 182
194 181
361 172
386 153
415 151
437 165
417 179
389 179
223 381
256 365
287 357
310 362
331 356
357 361
386 375
358 398
331 410
309 412
285 411
254 402
240 382
287 379
310 380
331 378
371 378
330 379
309 382
286 380
