68 159
73 219
84 278
96 337
114 394
144 447
188 492
239 530
297 542
355 531
406 496
451 452
483 400
500 342
509 282
520 222
524 163
109 127
141 105
181 104
219 114
260 127
337 128
378 115
416 106
456 108
487 129
299 159
298 199
297 239
296 280
257 307
276 315
298 321
318 314
338 306
155 164
181 146
212 146
238 169
208 175
178 175
361 170
386 148
417 148
442 166
419 177
388 176
210 381
248 372
279 365
300 370
321 364
352 372
388 381
352 400
321 410
299 412
277 410
246 402
227 384
278 383
300 385
321 383
373 383
321 384
300 386
278 383
