69 142
75 205
87 265
101 325
118 382
148 431
193 473
247 504
308 513
366 501
416 470
459 427
487 378
504 323
514 266
526 208
533 148
99 81
130 47
177 37
222 48
264 68
345 68
389 50
433 41
478 51
507 84
305 126
305 170
305 212
305 255
260 284
281 292
304 298
326 291
347 282
154 142
181 123
213 124
242 146
211 153
179 154
366 146
395 126
427 125
453 144
428 155
396 153
215 375
250 353
282 339
305 345
328 337
359 348
390 369
361 391
332 404
308 407
283 407
250 397
232 376
282 369
306 368
329 366
374 371
330 367
308 371
284 370
