90 152
96 211
106 270
114 330
130 387
159 436
199 476
246 508
301 521
356 514
406 485
450 446
481 396
499 338
506 276
515 216
522 154
120 102
147 79
188 76
227 85
264 104
337 105
377 87
418 76
461 78
492 102
301 142
301 184
300 226
299 268
259 293
278 302
300 309
323 301
345 293
161 146
185 127
217 127
245 152
215 159
183 160
364 152
390 128
422 127
448 146
424 160
392 159
224 370
254 359
282 352
304 358
325 351
354 359
388 369
356 390
326 399
304 401
281 398
254 390
238 372
281 374
304 376
325 373
374 371
326 374
305 377
282 373
