76 131
80 187
91 242
104 300
122 356
152 407
193 450
242 480
300 488
357 481
407 449
449 405
482 353
501 297
513 239
523 182
526 125
102 99
135 78
175 73
213 83
252 102
343 100
381 82
422 73
463 77
498 98
298 147
298 193
298 240
298 285
259 298
278 307
300 316
321 307
341 298
153 140
179 125
212 128
237 154
207 159
174 157
365 153
390 128
422 124
447 140
427 157
394 159
210 354
246 353
279 348
302 354
323 347
351 351
386 352
351 381
321 395
298 398
274 396
243 384
222 360
277 366
302 368
323 365
373 358
321 366
299 369
276 366
