84 176
87 231
95 285
104 341
118 395
147 440
191 474
241 498
297 507
353 503
405 483
451 454
483 412
501 360
513 306
522 251
525 193
122 132
147 101
187 88
228 95
266 111
340 112
378 95
421 89
461 104
488 137
300 161
299 195
298 228
298 263
261 293
279 300
298 306
319 302
338 294
170 166
193 147
224 149
252 175
222 181
190 181
356 175
382 150
414 149
439 169
416 182
383 182
224 363
252 349
278 342
298 348
316 344
343 352
373 367
342 379
316 384
296 385
275 382
251 377
238 363
277 361
297 364
316 362
359 366
315 361
297 362
277 359
