66 144
75 210
91 273
103 336
120 398
151 456
192 506
240 550
300 563
360 549
409 506
450 454
483 397
502 336
517 271
532 207
540 141
94 137
129 118
172 119
213 128
252 146
341 140
381 122
422 115
464 116
500 132
296 184
296 240
296 295
296 350
250 361
271 373
295 382
320 373
340 362
148 177
177 161
213 164
241 191
209 197
173 197
355 190
385 164
421 162
449 178
425 197
389 198
205 416
241 414
272 411
294 418
319 410
348 416
383 417
349 449
320 465
294 468
270 465
239 448
221 422
272 430
294 433
319 429
366 423
319 430
294 434
271 430
