90 149
95 209
106 267
112 326
126 383
154 430
196 470
246 501
299 514
352 502
404 470
448 430
480 382
494 325
500 265
507 205
510 143
112 123
139 96
180 89
220 94
258 110
336 108
373 90
414 83
456 90
484 118
299 148
299 186
300 225
301 264
255 293
277 299
300 305
322 298
344 291
162 155
185 143
213 144
241 162
212 165
183 165
354 161
379 143
407 142
431 154
409 164
380 164
213 369
248 361
281 354
302 361
323 354
354 360
387 365
354 392
324 404
302 408
279 406
248 394
228 371
280 376
301 378
322 376
373 369
323 375
302 378
281 376
