67 159
73 220
84 279
95 337
113 393
146 441
193 478
245 508
304 517
362 508
413 477
458 437
491 386
507 327
517 268
528 208
531 148
101 115
128 85
170 74
214 79
256 96
346 96
385 78
428 70
470 78
498 107
301 149
302 191
302 232
303 274
261 299
280 309
302 316
324 309
345 299
150 156
176 134
211 136
242 165
209 172
173 172
359 164
387 135
423 132
451 154
427 170
391 171
224 381
254 369
282 362
303 370
323 363
350 370
383 382
350 401
323 409
302 410
280 407
253 398
238 382
281 380
303 382
323 381
367 383
322 381
302 383
281 380
