56 127
61 190
72 251
87 308
109 365
142 416
187 458
238 492
295 502
353 492
402 457
447 416
483 367
505 311
519 252
532 191
538 129
91 94
124 65
172 54
220 60
265 79
340 77
386 60
433 54
481 65
511 97
301 131
299 175
297 218
295 262
256 296
276 302
298 306
320 301
341 295
146 139
174 120
210 120
242 146
208 152
173 152
363 145
394 120
429 119
457 137
431 152
395 152
220 383
252 369
280 360
301 367
321 359
348 369
382 383
349 403
322 412
301 414
278 412
251 402
235 383
280 382
301 384
321 381
366 384
321 379
301 381
280 379
