78 147
84 207
94 263
105 319
123 373
152 423
192 464
246 493
306 501
366 493
417 465
457 423
484 372
501 318
511 262
520 205
522 147
108 118
136 91
178 85
219 93
258 112
340 114
378 96
419 87
461 94
489 122
300 152
302 194
304 235
305 276
260 299
281 305
304 311
326 305
348 297
156 154
179 139
209 139
237 159
208 165
177 166
363 160
390 141
421 141
446 157
422 169
391 167
220 363
251 353
281 344
304 350
325 342
354 349
384 359
357 387
329 401
306 404
281 402
251 391
234 366
281 368
304 370
326 367
370 361
327 367
306 371
282 368
