82 169
85 226
94 281
107 335
128 386
162 431
206 466
256 493
316 498
374 489
421 460
461 420
491 373
507 321
514 268
519 213
519 158
103 145
127 107
170 97
215 102
263 112
322 114
370 102
416 94
462 104
488 142
297 157
299 191
300 225
302 261
257 291
279 295
303 301
325 295
347 289
165 162
186 145
216 145
241 167
214 172
185 172
355 166
378 144
408 143
430 159
410 170
381 170
217 365
246 352
277 345
303 352
327 345
359 352
390 364
360 381
330 389
305 390
278 388
247 381
230 366
277 362
304 365
328 363
375 365
329 363
304 365
278 363
