113 156
118 211
128 264
138 315
153 365
180 409
214 449
255 480
303 488
351 481
393 450
429 411
458 366
473 316
483 263
494 210
500 155
135 128
158 97
198 90
236 97
274 113
326 113
367 98
407 92
449 97
475 128
300 146
298 184
297 221
295 259
259 280
277 287
296 293
317 287
336 279
182 155
201 143
227 143
250 156
225 163
200 165
355 154
376 141
402 141
422 152
404 162
378 161
234 352
254 342
276 337
297 343
318 337
343 340
368 349
345 372
322 385
299 388
278 385
255 373
246 354
276 354
298 356
319 354
356 352
320 355
299 358
278 355
