83 156
87 217
96 277
108 336
125 394
157 446
197 489
243 522
299 532
355 523
402 488
444 444
478 393
497 336
508 277
515 217
517 157
123 142
154 122
193 116
231 122
269 134
329 136
367 126
406 122
445 126
478 144
298 166
298 210
300 255
301 301
262 320
280 328
301 335
322 326
342 316
170 161
194 147
224 147
248 167
220 172
192 172
354 166
377 148
406 148
431 162
408 172
380 171
227 392
255 386
281 380
302 386
321 379
345 383
373 389
345 406
323 415
302 418
280 417
255 410
239 395
280 395
302 398
322 394
362 391
322 392
302 396
281 393
