74 113
76 176
86 237
95 300
111 362
145 414
191 457
242 490
302 499
361 492
412 461
455 417
487 366
503 308
510 246
518 184
522 124
113 101
146 73
193 68
235 77
277 94
339 93
381 77
423 69
467 78
495 110
306 137
305 184
304 232
303 280
262 295
281 304
303 313
324 305
343 295
169 133
193 117
224 120
247 142
219 148
189 146
362 144
386 121
417 120
441 137
420 150
389 150
221 359
248 352
277 347
301 356
324 348
352 355
381 361
354 389
327 402
302 404
276 401
248 386
236 364
276 368
301 371
325 368
367 366
326 369
302 373
277 369
