61 125
68 192
79 261
94 324
118 382
153 430
193 471
241 502
298 508
356 503
407 475
450 435
487 386
510 325
523 259
531 187
535 117
105 105
131 77
174 72
216 81
261 93
329 100
374 82
417 71
462 72
492 101
294 139
294 182
295 225
296 270
249 287
273 299
299 306
324 297
347 286
157 146
181 131
211 131
240 150
210 157
179 157
354 151
381 132
413 130
438 144
414 156
383 156
211 367
243 359
274 355
298 359
321 354
351 357
387 366
354 379
325 384
300 386
275 384
244 380
223 367
274 366
299 369
323 366
374 366
323 362
300 365
275 363
