86 127
87 191
93 250
105 308
123 364
155 412
197 451
244 480
297 488
352 479
403 450
450 413
486 366
505 309
516 251
524 193
526 130
131 96
157 66
196 51
235 52
277 61
338 62
379 53
420 52
460 66
486 98
305 105
303 148
302 189
300 232
257 261
278 268
300 274
324 267
347 258
176 120
199 104
227 101
253 119
227 124
199 127
361 118
386 100
414 102
437 118
414 126
386 123
222 341
250 331
276 324
299 331
322 323
351 330
383 340
352 362
323 374
300 378
275 375
250 364
235 342
276 341
300 344
322 341
370 341
322 341
300 345
277 342
