81 111
87 177
99 240
111 303
133 362
165 415
208 460
257 491
313 495
367 484
406 446
439 396
464 341
479 282
490 221
498 159
500 97
107 105
136 76
180 68
224 75
267 88
340 78
381 62
421 51
464 55
486 85
310 128
313 178
317 228
319 279
269 287
291 299
316 307
339 297
356 284
160 131
185 111
219 113
247 138
216 145
182 145
359 131
387 103
419 99
445 117
424 133
391 135
225 360
257 357
287 353
312 357
335 350
359 350
390 348
363 375
340 387
314 392
289 391
258 383
239 362
287 368
312 370
336 364
377 354
338 360
313 365
288 364
