64 136
67 197
78 259
91 320
110 380
146 432
190 478
240 514
303 522
365 514
413 478
455 430
488 379
504 320
515 260
525 200
527 140
101 115
135 92
177 87
221 91
266 100
330 102
375 94
420 93
462 101
494 126
299 142
301 181
303 220
306 259
260 288
281 294
303 300
325 295
345 289
158 139
181 124
213 124
239 146
210 152
179 152
356 148
380 128
412 130
436 147
413 158
382 156
221 368
251 361
283 353
306 359
326 353
356 361
384 373
356 397
327 406
305 407
281 405
250 395
234 373
282 375
306 377
327 376
371 376
327 376
305 378
282 375
