78 209
84 272
94 331
111 389
131 443
167 490
213 526
264 556
325 565
385 555
437 522
483 483
515 436
531 379
540 319
546 259
549 196
102 158
131 119
179 109
227 114
276 125
352 125
400 112
447 108
493 117
523 154
316 162
317 206
317 251
318 298
266 317
291 326
317 335
343 327
367 318
158 174
185 158
217 156
246 176
216 180
184 182
383 176
411 155
443 157
469 174
444 182
413 180
232 399
263 391
293 383
318 392
342 384
374 394
410 403
375 422
345 433
318 435
292 431
264 420
245 400
292 399
318 404
343 400
396 403
343 401
318 404
293 401
