72 176
73 229
78 282
88 335
105 384
138 424
184 453
235 473
292 480
349 473
400 455
448 428
482 391
500 342
508 290
513 238
515 183
107 124
131 87
174 70
218 75
260 90
311 88
356 75
402 71
447 90
474 127
286 134
286 162
285 191
284 221
245 259
265 264
286 267
307 262
328 258
158 151
180 133
211 131
239 149
211 158
181 161
341 149
368 131
399 133
422 152
399 161
369 158
212 343
242 321
271 308
291 313
312 307
340 321
371 345
340 358
313 365
291 368
269 365
241 358
227 341
271 332
290 333
312 331
355 342
312 334
290 336
270 333
