107 188
112 238
119 289
124 340
138 388
164 430
201 466
246 494
301 501
354 495
398 467
434 430
460 388
473 340
481 290
488 239
494 188
139 149
157 118
191 103
228 105
264 118
344 117
382 105
419 102
454 118
471 152
303 168
302 202
300 235
299 270
264 294
281 301
299 308
318 302
335 295
183 180
203 167
229 167
253 181
228 188
202 189
355 181
380 167
407 166
428 179
407 189
380 188
222 362
252 350
277 344
300 349
321 344
347 349
377 360
347 376
322 382
300 384
277 382
252 376
235 363
277 358
300 361
321 358
363 362
321 360
300 363
278 360
