87 116
90 179
99 243
111 307
130 370
158 427
197 475
242 512
299 521
356 515
402 477
442 432
471 375
489 312
502 250
516 187
523 126
129 117
151 87
191 79
231 90
272 105
337 105
379 89
421 79
463 88
485 121
303 142
301 189
300 236
299 284
254 296
275 305
299 314
323 305
345 296
168 140
190 127
217 127
239 144
214 149
188 149
368 145
393 128
420 128
443 142
421 150
394 150
214 371
246 367
272 368
299 375
325 368
354 368
387 372
356 391
327 397
300 399
272 397
246 389
224 372
272 378
299 382
326 378
377 373
327 375
300 378
273 375
