75 129
80 192
91 253
105 313
125 370
159 420
203 461
254 490
311 498
365 486
412 451
453 408
483 356
499 298
508 239
516 180
519 118
105 100
129 63
175 49
222 54
267 69
336 68
381 55
425 51
469 65
490 103
305 121
309 162
312 202
315 244
268 271
290 278
313 284
334 279
353 270
161 127
186 110
217 110
246 131
216 137
185 138
357 131
384 110
414 111
438 127
416 139
385 137
231 353
262 342
292 333
311 338
329 333
355 340
383 351
355 368
330 378
310 381
289 380
260 371
244 354
291 355
310 357
330 354
371 351
329 353
310 356
290 354
