63 140
64 205
72 270
82 334
101 396
134 449
175 496
224 527
287 535
351 524
402 492
444 448
477 398
497 339
507 276
516 213
521 149
97 96
119 56
165 46
209 57
254 75
318 76
366 60
413 53
460 65
483 106
285 127
285 169
285 210
286 253
238 284
261 290
285 296
309 290
331 285
140 137
164 121
197 120
226 140
196 149
164 151
345 143
375 125
408 126
432 144
409 156
376 154
200 379
228 356
261 345
285 352
310 345
343 358
370 376
344 406
312 422
284 424
258 421
226 406
214 380
260 366
284 368
310 366
355 378
311 384
284 387
260 385
