62 121
65 187
73 250
85 310
103 371
132 427
173 475
224 512
291 523
358 512
411 474
453 425
484 367
501 307
513 248
519 189
523 127
98 111
126 78
174 71
222 79
267 95
328 96
375 80
421 73
466 83
491 116
297 129
297 172
297 216
298 260
255 285
275 293
296 300
318 293
337 286
152 134
178 117
209 117
236 138
209 142
177 143
355 139
384 120
415 122
439 141
416 147
385 145
212 368
244 361
275 358
295 365
318 360
345 365
373 372
343 390
315 395
291 396
270 396
241 390
223 369
273 373
294 377
318 374
361 372
316 373
293 375
272 373
