79 141
85 201
93 257
103 313
120 368
152 413
195 448
238 475
287 482
335 474
378 444
417 408
449 364
465 309
476 253
488 197
493 138
101 111
129 74
176 64
221 71
267 84
308 88
353 73
399 64
446 75
474 112
289 118
292 157
294 194
296 233
254 265
274 270
293 276
312 271
329 264
153 125
177 109
205 108
230 129
203 131
176 133
345 130
372 110
401 110
424 127
402 134
374 133
210 345
241 335
268 327
287 335
306 327
330 336
355 345
328 361
305 369
286 371
265 370
240 362
222 345
267 344
287 347
306 344
343 345
305 343
286 347
266 344
