79 175
81 231
89 287
100 343
116 397
145 445
184 485
230 513
285 522
342 514
394 490
442 458
477 413
497 357
507 300
514 242
515 185
108 143
126 104
168 91
210 96
250 111
300 114
346 103
392 102
435 118
462 153
277 152
275 184
273 215
272 248
239 287
257 293
276 297
295 293
314 289
155 161
176 146
205 146
232 166
205 172
175 173
334 170
361 151
391 152
415 168
392 178
362 177
216 377
238 360
261 349
278 355
297 349
324 360
352 375
325 390
299 398
279 400
261 399
239 392
228 376
261 369
279 370
298 367
339 374
298 371
278 374
261 371
