81 135
83 196
91 257
99 319
116 378
148 430
190 475
238 511
302 518
365 510
413 475
455 431
487 379
504 321
510 258
514 197
512 137
111 104
136 70
179 59
220 65
262 81
337 79
378 64
420 58
463 71
488 108
299 125
300 168
300 211
301 255
257 283
279 293
302 301
324 293
346 284
158 131
182 115
213 116
241 136
211 142
180 142
361 140
389 121
420 120
443 137
422 148
391 146
217 367
247 357
277 353
303 361
328 355
357 360
386 371
357 390
328 398
302 400
274 397
246 387
229 369
276 368
303 373
328 370
373 373
327 375
302 377
275 372
