51 159
60 224
74 286
89 349
109 409
143 461
190 504
244 536
309 547
372 535
424 498
469 451
499 396
517 333
529 269
540 206
545 139
76 104
105 67
152 51
201 55
248 71
351 69
396 51
444 45
490 58
518 96
306 129
309 169
312 208
315 249
262 292
288 298
313 304
337 297
359 290
133 149
161 131
196 130
228 150
195 160
160 161
373 148
404 128
439 126
467 143
441 157
406 156
206 389
247 368
284 357
309 364
332 357
364 369
399 387
364 417
333 428
307 431
281 429
245 417
224 390
284 377
309 380
332 378
383 389
331 396
308 399
282 396
