71 174
76 234
84 294
93 351
113 404
145 447
189 482
239 508
300 513
361 504
408 476
448 438
478 391
496 336
504 278
511 222
516 164
101 118
123 73
169 52
217 53
262 70
330 70
374 55
420 55
463 76
484 116
297 124
296 162
296 198
296 237
251 279
275 284
298 288
321 283
344 279
157 144
181 128
211 127
239 143
212 151
181 153
353 142
381 126
410 128
432 143
411 152
381 150
222 367
253 350
279 342
300 349
324 342
349 350
376 363
349 375
325 383
300 385
278 384
252 378
235 365
279 359
300 362
324 359
363 362
324 358
300 362
279 359
