89 136
94 196
107 257
118 315
134 375
162 429
200 475
247 507
305 516
363 505
413 468
454 423
481 368
492 307
497 247
503 186
504 126
109 109
134 78
176 71
217 79
256 94
324 92
365 74
406 65
449 72
477 103
294 133
295 179
296 224
297 269
255 290
275 299
298 306
320 297
339 287
158 138
182 118
215 119
240 145
213 154
179 155
349 143
373 117
406 115
429 134
410 150
379 151
219 371
248 359
277 351
299 359
324 348
353 353
381 362
356 391
330 406
303 411
279 409
249 396
233 371
277 373
300 376
326 370
368 363
327 371
302 377
279 373
