90 158
94 215
103 274
115 330
135 382
167 426
208 461
253 492
304 502
357 493
405 466
450 431
484 383
502 326
514 265
523 200
525 137
136 126
161 109
194 102
228 105
263 114
334 109
371 98
409 95
446 101
474 121
302 156
303 199
305 242
306 286
262 305
282 315
304 322
326 315
347 306
177 163
199 148
228 149
251 170
225 176
197 176
357 167
382 146
410 144
433 159
413 173
384 174
234 375
258 367
283 362
304 368
324 362
349 367
378 375
350 398
324 409
303 410
281 407
257 396
245 376
282 376
304 379
324 377
365 377
324 382
304 386
282 382
