69 159
72 218
78 275
87 333
106 388
141 431
189 465
240 493
300 500
360 494
414 468
463 433
497 389
516 333
523 274
525 213
524 152
107 110
134 76
177 62
222 72
263 93
336 92
377 71
421 62
463 76
488 111
302 129
302 161
303 191
303 224
261 265
282 270
302 275
323 270
343 264
167 143
190 126
220 125
248 146
219 153
189 154
354 144
378 125
408 124
431 141
410 152
381 151
210 343
244 325
276 315
302 322
327 315
357 324
389 340
356 354
327 360
301 362
273 360
244 355
225 343
275 337
301 339
327 337
375 340
326 334
301 337
275 334
