91 161
93 216
99 269
107 324
120 379
146 427
185 468
232 500
287 511
344 503
395 475
441 439
474 394
493 341
505 285
514 231
519 175
119 131
143 97
182 82
224 82
265 96
339 89
382 74
426 70
468 89
492 127
299 153
297 198
294 241
291 286
255 308
271 318
291 326
311 319
330 310
164 166
188 149
218 148
243 167
216 175
186 176
362 169
389 150
419 150
442 167
420 179
389 177
218 384
248 376
272 372
290 378
308 373
333 379
368 386
333 403
307 408
288 409
268 406
246 400
232 385
270 384
290 386
308 385
353 388
308 386
289 388
270 385
