76 135
84 205
97 271
115 336
136 397
171 449
218 490
274 517
339 523
403 510
447 472
483 423
507 366
522 305
532 243
540 181
542 115
106 118
133 86
178 76
223 80
269 94
375 93
416 77
456 71
498 76
519 108
325 145
328 189
331 234
334 280
288 303
311 309
334 316
355 309
375 301
168 147
195 130
230 131
260 155
229 163
192 163
381 151
408 124
443 121
469 138
448 155
412 156
247 381
278 373
310 369
334 374
356 368
386 372
414 380
388 400
360 408
336 411
311 410
278 401
262 383
310 385
335 388
358 385
401 381
358 381
335 384
311 383
