90 102
94 166
101 229
108 292
124 348
161 395
205 433
250 465
307 473
362 466
408 434
453 398
489 352
505 296
514 233
522 171
525 106
122 93
151 68
191 66
230 75
270 91
353 87
391 71
428 63
467 65
496 91
310 127
311 165
311 203
312 243
266 269
288 275
311 282
333 276
354 269
173 124
197 109
229 109
252 133
225 136
195 136
366 133
389 112
419 112
441 127
421 139
392 139
221 343
250 327
283 318
309 326
332 318
364 328
392 343
364 368
334 381
308 384
282 382
250 369
235 345
283 344
309 346
333 343
378 345
333 343
309 346
283 343
