81 160
82 222
89 284
96 343
113 399
145 447
185 488
234 522
295 531
355 526
407 495
449 452
482 406
503 350
513 292
523 234
528 175
123 124
147 92
189 79
231 83
275 96
347 100
389 88
432 87
473 101
496 132
308 144
307 190
306 235
305 281
259 304
281 313
304 322
329 313
350 303
173 153
195 136
225 136
250 156
223 162
194 163
366 156
391 138
420 139
443 157
420 164
391 162
216 384
249 376
281 370
305 375
329 370
357 374
388 379
357 401
329 410
305 413
278 411
248 403
229 386
280 385
305 388
328 385
375 383
329 384
305 388
280 385
