75 155
77 221
89 286
103 350
123 412
159 468
203 513
254 548
310 556
367 542
418 503
460 455
491 399
510 335
521 270
527 205
526 139
97 125
122 91
164 79
208 84
251 97
317 93
364 79
410 72
455 82
486 114
288 138
287 184
287 229
286 276
243 304
264 314
289 320
315 311
340 302
154 150
176 135
205 134
231 147
205 152
177 155
353 145
378 129
407 131
432 144
408 150
381 149
211 392
243 384
272 375
294 383
319 374
350 383
386 390
353 415
323 429
297 433
272 430
244 417
225 395
271 396
295 398
320 395
372 393
321 395
295 399
272 395
