87 152
91 209
101 265
110 321
127 375
156 420
197 458
248 486
308 495
367 485
417 456
459 417
488 369
500 314
507 257
514 201
516 145
121 112
144 77
184 64
227 67
268 82
330 86
370 69
413 66
455 77
479 111
301 123
302 159
304 195
305 233
266 266
284 272
304 277
323 272
340 267
167 137
188 119
217 120
242 138
216 146
187 148
359 139
383 121
412 121
433 139
413 149
385 147
224 354
255 343
283 335
303 340
322 336
348 343
376 352
348 368
323 375
302 377
282 375
254 369
237 354
282 351
302 353
322 351
363 353
322 352
303 354
282 352
