63 169
67 234
77 299
92 361
116 420
152 474
196 518
250 552
312 559
375 546
429 509
472 459
501 401
516 338
521 274
523 211
520 150
90 119
111 72
155 50
202 47
248 57
318 53
366 39
414 39
460 59
484 100
288 116
290 165
292 213
293 263
248 292
271 301
296 308
320 300
341 290
142 144
165 124
196 123
226 140
198 149
166 153
353 133
382 114
412 114
437 132
415 141
384 140
212 398
241 378
271 367
296 373
322 365
353 376
389 391
358 411
328 421
300 424
273 423
243 416
225 397
271 389
297 392
324 387
374 391
325 390
298 394
272 391
