75 121
82 186
94 249
108 311
124 374
153 431
193 478
245 508
303 517
361 510
411 475
450 426
480 369
496 307
510 245
522 183
528 118
116 69
146 40
187 28
230 31
270 48
355 50
394 36
433 33
470 44
495 76
310 104
311 146
313 188
314 231
271 265
290 272
311 277
332 272
351 265
162 115
188 96
219 99
250 121
218 130
185 131
365 123
394 102
426 101
451 120
428 136
395 134
216 351
254 337
288 326
311 333
334 326
362 336
391 353
361 379
333 392
308 394
284 392
252 379
231 356
287 353
311 355
334 352
377 356
333 354
310 356
287 354
