90 133
96 192
111 250
121 309
137 365
168 414
207 455
258 483
313 489
366 476
410 443
447 403
473 356
485 302
494 246
506 189
512 131
110 94
138 64
180 57
221 63
260 81
334 75
375 60
415 55
456 63
485 89
300 132
302 176
304 220
306 265
264 284
283 294
304 301
324 294
342 285
162 137
187 121
218 123
244 144
217 150
185 151
351 144
377 123
407 123
431 139
410 151
381 151
224 349
253 340
281 336
304 343
329 337
356 342
383 351
358 378
331 393
304 397
280 394
251 381
236 353
280 357
304 360
329 358
370 353
329 359
304 363
280 359
