72 106
77 175
89 246
105 314
127 381
159 438
201 491
254 531
317 541
378 529
428 488
463 431
488 370
505 304
520 236
529 166
531 98
114 102
140 75
183 72
225 80
267 94
339 93
381 80
424 71
469 74
497 102
308 128
309 175
311 223
313 271
262 289
285 299
312 307
338 298
360 288
168 125
193 110
222 111
248 131
219 134
190 134
364 132
389 112
419 110
445 124
421 134
392 134
222 367
255 360
286 357
312 363
336 356
367 357
398 364
369 395
340 409
314 413
287 410
254 398
235 371
286 375
312 378
337 374
384 368
337 377
313 382
287 379
