74 105
77 169
86 229
97 290
110 352
140 404
185 448
235 483
294 495
352 487
402 457
445 413
477 359
495 299
508 237
517 174
520 108
116 91
143 59
184 48
226 57
267 76
341 83
379 67
419 58
459 64
486 96
303 111
304 153
305 196
305 240
255 259
278 267
302 275
325 268
347 261
157 118
181 103
212 101
239 122
210 128
179 129
362 124
387 105
418 106
443 121
419 132
388 131
211 334
241 319
273 312
300 321
325 315
356 324
385 341
356 368
324 380
298 382
270 376
240 359
226 336
271 338
299 342
324 341
371 343
325 341
299 343
273 338
