112 139
115 195
121 252
127 307
136 363
160 410
197 449
243 477
300 487
359 480
409 453
448 414
476 365
487 309
493 252
500 194
503 136
136 117
158 86
196 81
234 86
274 95
330 98
371 87
411 80
451 86
474 115
303 129
304 165
304 202
304 240
270 267
286 272
305 276
323 272
340 265
183 140
203 126
229 125
253 140
228 146
202 148
356 138
379 123
405 123
425 137
405 146
380 144
231 346
254 331
280 324
304 331
328 324
355 330
382 343
357 363
329 370
303 373
278 372
252 364
242 345
279 342
304 345
328 341
370 343
328 342
304 345
279 343
