93 122
99 181
110 241
120 302
138 361
170 416
209 466
255 506
308 514
360 503
404 465
439 416
468 362
484 300
491 238
499 178
502 119
119 118
143 85
187 81
229 90
271 106
331 106
374 89
416 80
458 87
481 119
303 149
305 197
307 246
309 294
267 303
285 313
307 322
329 314
347 304
179 143
201 130
230 132
256 152
228 159
198 158
349 153
373 133
402 131
424 144
405 159
376 159
227 365
256 370
284 369
307 376
328 370
353 372
381 368
355 397
330 407
307 409
283 407
254 395
240 370
284 379
307 384
328 380
367 372
328 383
306 386
283 381
