82 158
87 218
98 277
108 336
121 394
151 444
191 489
244 520
303 531
362 526
411 495
448 450
475 399
488 341
499 281
511 219
514 159
117 130
142 100
183 89
223 91
265 102
338 105
379 91
420 90
459 101
485 133
301 152
300 196
300 241
299 285
263 307
281 316
302 323
323 315
341 307
172 155
194 137
225 138
250 160
222 168
191 168
355 163
380 139
412 138
435 157
414 171
382 170
234 387
258 377
284 370
306 376
326 368
352 375
379 387
356 406
331 413
310 415
288 413
261 406
247 391
284 387
306 388
327 386
366 390
329 387
309 390
287 387
