65 155
68 214
75 273
86 332
105 389
140 433
191 462
245 482
305 486
363 477
417 456
468 428
502 387
520 332
529 275
534 218
536 160
108 95
136 66
176 57
219 61
259 74
340 77
381 64
424 60
465 72
490 104
300 125
300 155
301 184
302 216
257 256
278 260
299 264
321 261
342 256
157 136
182 122
212 122
242 140
211 147
180 148
356 142
385 126
414 126
440 140
416 152
385 150
216 345
249 322
277 310
300 316
322 310
349 321
381 342
350 346
323 347
301 348
277 348
249 348
229 342
276 327
300 329
322 326
368 339
323 327
300 329
277 327
