78 133
83 193
94 251
108 308
126 363
155 413
192 453
235 484
285 492
336 482
382 448
425 406
458 358
474 300
486 242
499 185
506 125
97 109
123 74
165 69
207 77
249 90
314 84
359 70
403 62
447 70
477 102
280 112
280 153
280 194
280 236
240 261
259 268
281 275
303 267
325 259
147 127
170 110
199 107
223 123
199 130
171 134
349 122
373 106
401 108
422 125
402 133
374 130
205 346
235 334
263 325
284 331
306 324
336 331
372 336
338 353
309 364
286 367
265 365
238 359
218 346
263 342
284 344
307 339
360 336
308 339
286 343
264 339
