85 167
86 225
89 283
95 343
111 400
142 448
186 486
238 516
297 524
354 520
406 493
451 457
483 410
502 352
509 290
514 229
515 168
111 138
130 94
176 76
222 83
270 100
329 99
375 80
422 71
467 86
490 128
299 152
297 193
296 233
294 273
259 302
276 309
296 315
318 309
338 303
157 170
180 152
212 152
242 172
210 182
178 183
361 169
389 149
421 146
445 164
423 179
390 178
220 387
252 374
278 369
300 373
321 369
349 375
385 386
349 398
321 400
298 400
274 399
249 397
233 384
277 382
300 384
322 382
371 385
321 381
299 383
276 379
