105 155
108 210
116 264
127 318
144 370
170 413
205 450
247 476
295 486
344 478
386 453
424 421
454 379
472 329
482 275
490 222
494 168
141 121
161 96
195 84
232 81
268 89
325 90
362 82
402 87
436 102
456 130
295 131
294 166
293 201
292 236
258 264
274 272
292 277
311 272
327 266
177 142
198 129
224 129
249 146
224 153
197 154
343 152
370 136
396 138
415 153
396 163
369 160
227 348
251 331
273 324
294 330
315 324
338 334
360 351
338 361
315 365
293 366
272 364
250 360
238 347
272 339
293 342
315 340
349 348
315 342
293 343
273 340
