90 137
93 198
100 258
106 317
119 376
147 424
188 462
238 490
296 497
354 490
405 462
444 424
473 376
488 322
494 265
502 207
507 148
109 125
133 84
180 74
227 81
274 98
337 99
382 81
427 74
471 87
492 128
305 143
305 189
304 234
303 279
253 294
277 303
302 313
327 305
350 296
165 145
188 130
216 131
242 149
214 154
186 154
363 150
389 132
417 132
438 147
417 156
389 155
214 367
241 355
270 352
297 360
323 354
351 359
378 372
351 387
322 393
294 393
266 391
239 383
227 366
268 365
296 371
323 368
367 370
323 365
295 368
267 363
