78 120
84 185
95 250
105 312
123 372
153 426
190 472
235 508
292 517
347 507
393 471
433 425
466 373
487 314
499 251
508 188
516 124
111 114
136 83
177 71
220 73
259 89
344 90
382 73
424 71
465 81
489 112
299 142
298 197
297 251
295 305
247 314
270 326
295 336
321 325
344 314
158 138
183 123
215 123
242 144
214 152
182 153
358 145
384 123
415 122
439 137
418 151
387 151
215 381
248 372
277 367
296 373
319 366
345 372
377 378
344 395
318 406
295 409
274 407
246 398
227 382
276 384
296 387
319 383
363 380
318 379
296 384
276 381
