50 132
58 200
73 265
87 328
108 387
147 438
196 477
244 508
292 519
340 508
390 477
439 439
480 389
506 330
518 264
528 197
533 128
88 112
120 88
163 86
205 95
244 113
320 110
362 97
405 88
449 90
485 111
285 150
285 185
286 220
286 256
250 298
269 302
288 306
307 302
326 297
144 151
171 135
202 136
230 159
200 163
169 163
342 161
370 138
402 137
430 152
405 164
374 165
212 378
243 365
270 358
290 365
310 358
337 367
368 382
337 401
310 412
289 415
268 411
242 398
226 378
269 375
289 378
311 376
354 380
309 380
288 383
269 380
