59 109
64 180
78 252
95 322
117 390
153 452
195 508
247 548
310 558
370 545
421 504
459 449
490 386
509 321
525 254
538 184
543 117
102 89
137 64
183 64
229 73
273 91
349 93
394 78
439 70
484 70
516 95
311 133
312 183
312 233
313 283
266 307
287 316
312 324
336 316
357 306
152 126
179 111
216 114
245 138
211 147
175 146
374 140
402 116
438 115
464 131
441 149
406 149
233 400
266 393
293 387
314 394
335 386
360 392
388 397
362 419
336 429
313 432
291 430
264 423
245 403
291 402
313 405
335 401
378 400
335 401
314 406
293 402
