109 162
112 214
122 266
136 317
154 368
182 414
218 453
257 484
308 491
358 481
399 450
433 408
460 363
476 312
487 260
494 206
495 153
132 148
156 125
194 124
231 136
267 151
323 149
359 131
398 119
439 118
468 141
296 179
297 216
298 253
298 291
263 312
281 318
301 323
320 316
339 310
174 175
195 160
225 161
250 182
223 189
193 189
349 179
374 157
403 155
425 169
406 184
376 185
234 377
258 368
285 361
303 365
321 359
348 364
374 370
350 392
323 404
304 406
285 405
259 395
245 380
285 379
303 380
322 377
363 373
322 378
304 382
285 380
