78 177
84 237
95 295
105 351
124 405
159 446
204 479
254 502
310 508
364 501
414 478
459 447
491 407
508 355
512 298
519 240
523 180
112 125
136 89
179 76
222 80
266 92
337 89
384 77
428 75
471 90
492 128
305 143
307 182
309 222
311 262
266 291
289 297
312 303
332 298
353 291
162 149
186 136
215 136
242 154
214 158
185 158
364 154
391 137
420 137
443 151
420 160
392 159
229 376
256 357
284 346
308 351
332 345
360 354
388 370
362 386
335 394
310 397
286 397
257 390
243 375
285 368
309 369
332 366
375 369
333 367
309 369
286 368
