73 112
76 172
86 234
97 297
115 358
149 411
195 455
247 490
310 500
371 490
418 453
456 406
483 349
496 288
505 226
512 165
512 109
114 104
139 74
182 67
223 71
266 81
340 82
381 69
423 63
465 72
488 104
306 118
308 159
310 200
312 241
269 262
290 271
312 277
333 270
352 262
168 121
192 103
223 103
250 125
221 131
190 131
359 125
386 104
416 103
438 121
418 133
388 131
229 330
260 322
289 318
312 324
334 318
362 323
391 333
362 353
336 360
312 361
288 359
260 350
243 333
288 335
312 338
335 335
379 335
335 333
313 335
289 331
